001033	26.58054 	102.98602 	1843.00 
001032	27.10095 	102.70022 	945.00
001031	27.17536 	102.67415 	1692.00 	
001030	27.05060 	102.91212 	1312.00 
000559	26.66347 	103.13589 	1671.00
001827	26.94213 	102.67543 	1918.00 	
001812	26.73707 	102.96404 	1699.00 
001059	27.20314 	102.88050 	1239.00 
001058	26.98066 	102.85265 	1125.00
001056	27.17292 	102.82989 	1906.00
001055	27.08419 	102.77854 	2119.00 
001053	27.18388 	102.95667 	1685.00 	
001051	27.23573 	102.98691 	1539.00
001049	27.02671 	102.71968 	1204.00
001048	27.30655 	102.94611 	2070.00 	
001047	27.00992 	102.77875 	982.00 	
001045	27.22754 	102.80277 	1841.00 
001044	27.29832 	102.87653 	758.00 	
001043	27.13763 	102.89871 	951.00 	
001041	26.99975 	103.03886 	2223.00
001040	27.09375 	102.99881 	2642.00 
001039	26.96069 	102.93756 	1421.00 	
001038	27.05514 	102.85481 	1079.00 	




